V
0 1 2 3 4 5 6 7 8 9 10 11 12 13 14 15 16 17 18 19 20 21 22 23 24 25 26 27 28 29 30 31 32 33 34 35 36 37 38 39 40 41 42 43 44 45 46 47 48 49 50 51 52 53 54 55 56 57 58 59 60 61 62 63 64 65 66 67 68 69 70 71 72 73 74 75 76 77 78 79 80 81 82 83 84 85 86 87 88 89 90 91 92 93 94 95 96 97 98 99 100 101 102 103 

E
(0, 55, G) (0, 11, A) (0, 30, C) (0, 78, T)
(55, 90, T) (55, 67, G)
(11, 79, T) (11, 31, C)
(30, 58, G) (30, 15, A)
(78, 47, C) (78, 97, T) (78, 73, G)
(90, 51, C)
(67, 94, T)
(79, 25, A)
(31, 85, T)
(58, 68, G)
(15, 81, T)
(47, 41, C) (47, 64, G)
(97, 53, C)
(73, 23, A)
(51, 19, A)
(94, 29, A)
(25, 57, G)
(85, 50, C)
(68, 95, T)
(81, 49, C)
(41, 62, G)
(64, 44, C)
(53, 66, G)
(23, 14, A)
(19, 82, T)
(29, 84, T)
(57, 43, C)
(50, 88, T)
(95, 76, G)
(49, 18, A)
(62, 70, G)
(44, 63, G)
(66, 22, A)
(14, 33, C)
(82, 26, A)
(84, 98, T)
(43, 38, C)
(88, 75, G)
(76, 24, A)
(18, 12, A)
(70, 71, G)
(63, 93, T)
(22, 34, C)
(33, 37, C)
(26, 83, T)
(98, 77, G)
(38, 17, A)
(75, 96, T)
(24, 35, C)
(12, 80, T)
(71, 45, C)
(93, 99, T)
(34, 59, G)
(37, 60, G)
(83, 27, A)
(77, 46, C)
(17, 56, G)
(96, 100, T)
(35, 86, T)
(80, 48, C)
(45, 39, C)
(99, 101, T)
(59, 20, A)
(60, 92, T)
(27, 36, C)
(46, 40, C)
(56, 91, T)
(100, 102, T)
(86, 74, G)
(48, 65, G)
(39, 61, G)
(101, 54, C)
(20, 13, A)
(92, 52, C)
(36, 16, A)
(40, 87, T)
(91, 28, A)
(102, 103, T)
(74, 72, G)
(65, 21, A)
(61, 69, G)
(54, 89, T)
(13, 32, C)
(52, 42, C)
(16, 1, $)
(87, 8, $)
(28, 3, $)
(103, 10, $)
(72, 7, $)
(21, 2, $)
(69, 6, $)
(89, 9, $)
(32, 4, $)
(42, 5, $)

Ordering
0 1 2 3 4 5 6 7 8 9 10 11 12 13 14 15 16 17 18 19 20 21 22 23 24 25 26 27 28 29 30 31 32 33 34 35 36 37 38 39 40 41 42 43 44 45 46 47 48 49 50 51 52 53 54 55 56 57 58 59 60 61 62 63 64 65 66 67 68 69 70 71 72 73 74 75 76 77 78 79 80 81 82 83 84 85 86 87 88 89 90 91 92 93 94 95 96 97 98 99 100 101 102 103 
